排列: ['q6', 'q2', 'q7', 'q1', 'q0', 'q3', 'q4', 'q8', 'q5']
distance: 36
[1, 0, 0, 0, 0, 0, 0, 1, 0],
[1, 1, 0, 0, 0, 0, 0, 0, 0],
[0, 1, 1, 1, 0, 1, 0, 1, 1],
[0, 0, 0, 1, 0, 0, 0, 1, 1],
[0, 1, 0, 0, 1, 1, 1, 0, 0],
[0, 0, 0, 0, 0, 1, 0, 0, 0],
[0, 0, 0, 1, 0, 0, 1, 1, 0],
[0, 1, 0, 0, 1, 0, 0, 1, 1],
[0, 1, 0, 0, 1, 0, 1, 0, 1],
num of cnot gates:47
原排列: ['q6', 'q2', 'q7', 'q1', 'q0', 'q3', 'q4', 'q8', 'q5']
index: 0
新距离和和新排列: [31, ['q5', 'q1', 'q4', 'q0', 'q8', 'q2', 'q6', 'q7', 'q3']]
[1, 0, 1, 1, 0, 1, 0, 0, 0],
[1, 1, 0, 0, 1, 0, 0, 0, 0],
[0, 1, 1, 0, 1, 0, 0, 0, 0],
[0, 0, 1, 1, 0, 1, 0, 0, 1],
[1, 0, 0, 1, 1, 1, 0, 0, 0],
[0, 0, 0, 0, 0, 1, 1, 0, 0],
[0, 0, 0, 0, 1, 0, 1, 0, 0],
[1, 1, 0, 0, 1, 1, 0, 1, 1],
[0, 0, 0, 0, 0, 0, 0, 0, 1],
cnot gates:41
index: 1
新距离和和新排列: [31, ['q4', 'q0', 'q3', 'q7', 'q8', 'q5', 'q1', 'q2', 'q6']]
[1, 0, 0, 0, 1, 0, 1, 0, 0],
[1, 1, 1, 0, 0, 0, 0, 1, 0],
[0, 0, 1, 0, 0, 0, 0, 0, 0],
[0, 0, 1, 1, 1, 1, 1, 1, 0],
[0, 1, 0, 0, 1, 1, 0, 1, 0],
[1, 1, 0, 0, 0, 1, 0, 1, 0],
[0, 0, 0, 0, 1, 1, 1, 0, 0],
[0, 0, 0, 0, 0, 0, 0, 1, 1],
[0, 0, 0, 0, 1, 0, 0, 0, 1],
cnot gates:34
index: 2
新距离和和新排列: [31, ['q4', 'q1', 'q8', 'q2', 'q5', 'q0', 'q3', 'q7', 'q6']]
[1, 1, 1, 0, 0, 0, 0, 0, 0],
[0, 1, 1, 0, 1, 0, 0, 0, 0],
[0, 0, 1, 1, 1, 1, 0, 0, 0],
[0, 0, 0, 1, 0, 0, 0, 0, 1],
[1, 0, 0, 1, 1, 1, 0, 0, 0],
[1, 0, 0, 1, 0, 1, 1, 0, 0],
[0, 0, 0, 0, 0, 0, 1, 0, 0],
[0, 1, 1, 1, 1, 0, 1, 1, 0],
[0, 0, 1, 0, 0, 0, 0, 0, 1],
cnot gates:47
index: 3
新距离和和新排列: [31, ['q6', 'q7', 'q1', 'q5', 'q8', 'q2', 'q3', 'q0', 'q4']]
[1, 0, 0, 0, 1, 0, 0, 0, 0],
[0, 1, 1, 1, 1, 1, 1, 0, 0],
[0, 0, 1, 1, 1, 0, 0, 0, 0],
[0, 0, 0, 1, 0, 1, 0, 1, 1],
[0, 0, 0, 1, 1, 1, 0, 1, 0],
[1, 0, 0, 0, 0, 1, 0, 0, 0],
[0, 0, 0, 0, 0, 0, 1, 0, 0],
[0, 0, 0, 0, 0, 1, 1, 1, 1],
[0, 0, 1, 0, 1, 0, 0, 0, 1],
cnot gates:46
index: 4
新距离和和新排列: [31, ['q1', 'q4', 'q5', 'q2', 'q8', 'q7', 'q3', 'q0', 'q6']]
[1, 0, 1, 0, 1, 0, 0, 0, 0],
[1, 1, 0, 0, 1, 0, 0, 0, 0],
[0, 1, 1, 1, 0, 0, 0, 1, 0],
[0, 0, 0, 1, 0, 0, 0, 0, 1],
[0, 0, 1, 1, 1, 0, 0, 1, 0],
[1, 0, 1, 1, 1, 1, 1, 0, 0],
[0, 0, 0, 0, 0, 0, 1, 0, 0],
[0, 1, 0, 1, 0, 0, 1, 1, 0],
[0, 0, 0, 0, 1, 0, 0, 0, 1],
cnot gates:47
index: 5
新距离和和新排列: [31, ['q1', 'q7', 'q3', 'q2', 'q0', 'q5', 'q4', 'q8', 'q6']]
[1, 0, 0, 0, 0, 1, 0, 1, 0],
[1, 1, 1, 1, 0, 1, 0, 1, 0],
[0, 0, 1, 0, 0, 0, 0, 0, 0],
[0, 0, 0, 1, 0, 0, 0, 0, 1],
[0, 0, 1, 1, 1, 0, 1, 0, 0],
[0, 0, 0, 1, 1, 1, 1, 0, 0],
[1, 0, 0, 0, 0, 0, 1, 1, 0],
[0, 0, 0, 1, 1, 1, 0, 1, 0],
[0, 0, 0, 0, 0, 0, 0, 1, 1],
cnot gates:36
index: 6
新距离和和新排列: [31, ['q6', 'q0', 'q3', 'q7', 'q8', 'q2', 'q5', 'q4', 'q1']]
[1, 0, 0, 0, 1, 0, 0, 0, 0],
[0, 1, 1, 0, 0, 1, 0, 1, 0],
[0, 0, 1, 0, 0, 0, 0, 0, 0],
[0, 0, 1, 1, 1, 1, 1, 0, 1],
[0, 1, 0, 0, 1, 1, 1, 0, 0],
[1, 0, 0, 0, 0, 1, 0, 0, 0],
[0, 1, 0, 0, 0, 1, 1, 1, 0],
[0, 0, 0, 0, 1, 0, 0, 1, 1],
[0, 0, 0, 0, 1, 0, 1, 0, 1],
cnot gates:36
index: 7
新距离和和新排列: [31, ['q3', 'q7', 'q1', 'q4', 'q5', 'q0', 'q6', 'q2', 'q8']]
[1, 0, 0, 0, 0, 0, 0, 0, 0],
[1, 1, 1, 0, 1, 0, 0, 1, 1],
[0, 0, 1, 0, 1, 0, 0, 0, 1],
[0, 0, 1, 1, 0, 0, 0, 0, 1],
[0, 0, 0, 1, 1, 1, 0, 1, 0],
[1, 0, 0, 1, 0, 1, 0, 1, 0],
[0, 0, 0, 0, 0, 0, 1, 0, 1],
[0, 0, 0, 0, 0, 0, 1, 1, 0],
[0, 0, 0, 0, 1, 1, 0, 1, 1],
cnot gates:28
index: 8
新距离和和新排列: [31, ['q4', 'q0', 'q3', 'q1', 'q5', 'q8', 'q6', 'q2', 'q7']]
[1, 0, 0, 1, 0, 1, 0, 0, 0],
[1, 1, 1, 0, 0, 0, 0, 1, 0],
[0, 0, 1, 0, 0, 0, 0, 0, 0],
[0, 0, 0, 1, 1, 1, 0, 0, 0],
[1, 1, 0, 0, 1, 0, 0, 1, 0],
[0, 1, 0, 0, 1, 1, 0, 1, 0],
[0, 0, 0, 0, 0, 1, 1, 0, 0],
[0, 0, 0, 0, 0, 0, 1, 1, 0],
[0, 0, 1, 1, 1, 1, 0, 1, 1],
cnot gates:32
index: 9
新距离和和新排列: [31, ['q3', 'q2', 'q6', 'q7', 'q8', 'q0', 'q4', 'q5', 'q1']]
[1, 0, 0, 0, 0, 0, 0, 0, 0],
[0, 1, 1, 0, 0, 0, 0, 0, 0],
[0, 0, 1, 0, 1, 0, 0, 0, 0],
[1, 1, 0, 1, 1, 0, 0, 1, 1],
[0, 1, 0, 0, 1, 1, 0, 1, 0],
[1, 1, 0, 0, 0, 1, 1, 0, 0],
[0, 0, 0, 0, 1, 0, 1, 0, 1],
[0, 1, 0, 0, 0, 1, 1, 1, 0],
[0, 0, 0, 0, 1, 0, 0, 1, 1],
cnot gates:40
