排列: ['q8', 'q6', 'q0', 'q2', 'q1', 'q3', 'q4', 'q7', 'q5']
distance: 59
[1, 1, 0, 0, 1, 1, 1, 0, 1],
[0, 1, 0, 0, 0, 1, 1, 0, 0],
[1, 1, 1, 1, 1, 0, 0, 0, 0],
[1, 0, 0, 1, 0, 0, 0, 1, 1],
[0, 0, 0, 1, 1, 0, 0, 1, 1],
[0, 0, 1, 0, 1, 1, 0, 0, 0],
[0, 0, 1, 1, 1, 1, 1, 1, 0],
[1, 0, 1, 0, 0, 1, 0, 1, 0],
[0, 0, 1, 0, 0, 0, 1, 1, 1],
num of cnot gates:69
index: 0
[53, ['q5', 'q2', 'q7', 'q1', 'q4', 'q0', 'q6', 'q8', 'q3']]
[1, 0, 1, 0, 1, 1, 0, 0, 0],
[1, 1, 1, 0, 0, 0, 0, 1, 0],
[0, 0, 1, 0, 0, 1, 0, 1, 1],
[1, 1, 1, 1, 0, 0, 0, 0, 0],
[0, 1, 1, 1, 1, 1, 0, 0, 1],
[0, 1, 0, 1, 0, 1, 1, 1, 0],
[0, 0, 0, 0, 1, 0, 1, 0, 1],
[1, 0, 0, 1, 1, 0, 1, 1, 1],
[0, 0, 0, 1, 0, 1, 0, 0, 1],
cnot gates: 49
index: 1
[53, ['q3', 'q4', 'q6', 'q0', 'q8', 'q7', 'q1', 'q2', 'q5']]
[1, 0, 0, 1, 0, 0, 1, 0, 0],
[1, 1, 0, 1, 0, 1, 1, 1, 0],
[1, 1, 1, 0, 0, 0, 0, 0, 0],
[0, 0, 1, 1, 1, 0, 1, 1, 0],
[1, 1, 1, 0, 1, 0, 1, 0, 1],
[1, 0, 0, 1, 1, 1, 0, 0, 0],
[0, 0, 0, 0, 0, 1, 1, 1, 1],
[0, 0, 0, 0, 1, 1, 0, 1, 1],
[0, 1, 0, 1, 0, 1, 0, 0, 1],
cnot gates: 55
index: 2
[53, ['q6', 'q4', 'q5', 'q2', 'q8', 'q0', 'q3', 'q7', 'q1']]
[1, 1, 0, 0, 0, 0, 1, 0, 0],
[0, 1, 0, 1, 0, 1, 1, 1, 1],
[0, 1, 1, 0, 0, 1, 0, 1, 0],
[0, 0, 1, 1, 1, 0, 0, 1, 0],
[1, 1, 1, 0, 1, 0, 1, 0, 1],
[1, 0, 0, 1, 1, 1, 0, 0, 1],
[0, 0, 0, 0, 0, 1, 1, 0, 1],
[0, 0, 0, 0, 1, 1, 1, 1, 0],
[0, 0, 1, 1, 0, 0, 0, 1, 1],
cnot gates: 57
index: 3
[53, ['q3', 'q4', 'q6', 'q8', 'q0', 'q1', 'q7', 'q2', 'q5']]
[1, 0, 0, 0, 1, 1, 0, 0, 0],
[1, 1, 0, 0, 1, 1, 1, 1, 0],
[1, 1, 1, 0, 0, 0, 0, 0, 0],
[1, 1, 1, 1, 0, 1, 0, 0, 1],
[0, 0, 1, 1, 1, 1, 0, 1, 0],
[0, 0, 0, 0, 0, 1, 1, 1, 1],
[1, 0, 0, 1, 1, 0, 1, 0, 0],
[0, 0, 0, 1, 0, 0, 1, 1, 1],
[0, 1, 0, 0, 1, 0, 1, 0, 1],
cnot gates: 55
index: 4
[53, ['q3', 'q1', 'q7', 'q2', 'q8', 'q0', 'q6', 'q4', 'q5']]
[1, 1, 0, 0, 0, 1, 0, 0, 0],
[0, 1, 1, 1, 0, 0, 0, 0, 1],
[1, 0, 1, 0, 1, 1, 0, 0, 0],
[0, 0, 1, 1, 1, 0, 0, 0, 1],
[1, 1, 0, 0, 1, 0, 1, 1, 1],
[0, 1, 0, 1, 1, 1, 1, 0, 0],
[1, 0, 0, 0, 0, 0, 1, 1, 0],
[1, 1, 1, 1, 0, 1, 0, 1, 0],
[0, 0, 1, 0, 0, 1, 0, 1, 1],
cnot gates: 55
index: 5
[53, ['q5', 'q2', 'q7', 'q1', 'q0', 'q8', 'q6', 'q4', 'q3']]
[1, 0, 1, 0, 1, 0, 0, 1, 0],
[1, 1, 1, 0, 0, 1, 0, 0, 0],
[0, 0, 1, 0, 1, 1, 0, 0, 1],
[1, 1, 1, 1, 0, 0, 0, 0, 0],
[0, 1, 0, 1, 1, 1, 1, 0, 0],
[1, 0, 0, 1, 0, 1, 1, 1, 1],
[0, 0, 0, 0, 0, 0, 1, 1, 1],
[0, 1, 1, 1, 1, 0, 0, 1, 1],
[0, 0, 0, 1, 1, 0, 0, 0, 1],
cnot gates: 52
index: 6
[53, ['q7', 'q5', 'q2', 'q0', 'q8', 'q1', 'q3', 'q4', 'q6']]
[1, 0, 0, 1, 1, 0, 1, 0, 0],
[1, 1, 0, 1, 0, 0, 0, 1, 0],
[1, 1, 1, 0, 1, 0, 0, 0, 0],
[0, 0, 1, 1, 1, 1, 0, 0, 1],
[0, 1, 0, 0, 1, 1, 1, 1, 1],
[1, 1, 1, 0, 0, 1, 0, 0, 0],
[0, 0, 0, 1, 0, 1, 1, 0, 0],
[1, 0, 1, 1, 0, 1, 1, 1, 0],
[0, 0, 0, 0, 0, 0, 1, 1, 1],
cnot gates: 64
index: 7
[53, ['q3', 'q1', 'q7', 'q5', 'q4', 'q8', 'q6', 'q0', 'q2']]
[1, 1, 0, 0, 0, 0, 0, 1, 0],
[0, 1, 1, 1, 0, 0, 0, 0, 1],
[1, 0, 1, 0, 0, 1, 0, 1, 0],
[0, 0, 1, 1, 1, 0, 0, 1, 0],
[1, 1, 1, 0, 1, 0, 0, 1, 1],
[1, 1, 0, 1, 1, 1, 1, 0, 0],
[1, 0, 0, 0, 1, 0, 1, 0, 0],
[0, 1, 0, 0, 0, 1, 1, 1, 1],
[0, 0, 1, 1, 0, 1, 0, 0, 1],
cnot gates: 67
index: 8
[53, ['q7', 'q2', 'q5', 'q4', 'q8', 'q1', 'q3', 'q0', 'q6']]
[1, 0, 0, 0, 1, 0, 1, 1, 0],
[1, 1, 1, 0, 1, 0, 0, 0, 0],
[1, 0, 1, 1, 0, 0, 0, 1, 0],
[1, 1, 0, 1, 0, 1, 1, 1, 0],
[0, 0, 1, 1, 1, 1, 1, 0, 1],
[1, 1, 1, 0, 0, 1, 0, 0, 0],
[0, 0, 0, 0, 0, 1, 1, 1, 0],
[0, 1, 0, 0, 1, 1, 0, 1, 1],
[0, 0, 0, 1, 0, 0, 1, 0, 1],
cnot gates: 46
index: 9
[53, ['q6', 'q8', 'q3', 'q1', 'q0', 'q4', 'q2', 'q5', 'q7']]
[1, 0, 1, 0, 0, 1, 0, 0, 0],
[1, 1, 1, 1, 0, 1, 0, 1, 0],
[0, 0, 1, 1, 1, 0, 0, 0, 0],
[0, 0, 0, 1, 0, 0, 1, 1, 1],
[1, 1, 0, 1, 1, 0, 1, 0, 0],
[0, 0, 1, 1, 1, 1, 1, 0, 1],
[0, 1, 0, 0, 0, 0, 1, 1, 1],
[0, 0, 0, 0, 1, 1, 0, 1, 1],
[0, 1, 1, 0, 1, 0, 0, 0, 1],
cnot gates: 49